0 0 
0.00299556 0.00964661 
0.012881 0.0155628 
0.0299748 0.0044481 
0.0393125 0.00932828 
0.000828829 0.0504983 
0.0534835 0.0285063 
0.0417362 0.0570752 
0.0554634 0.0587687 
0.0816038 0.0400659 
0.0891875 0.0474197 
0.107161 -0.0293638 
0.121183 -0.00264751 
0.128778 0.0256795 
0.141113 -0.00922449 
0.150579 -0.0168126 
0.113476 -0.115078 
0.171553 -0.00751816 
0.167187 -0.0714591 
0.191326 0.0150793 
0.136772 0.14868 
0.135606 -0.163114 
0.104025 -0.196371 
0.215634 -0.0864654 
-0.0983033 -0.221599 
0.246031 -0.0568995 
0.124166 -0.23142 
0.132642 -0.238299 
-0.123804 -0.254292 
-0.146155 -0.253863 
0.0102453 -0.302857 
-0.0556906 -0.308139 
0.111795 -0.303284 
0.238807 -0.232556 
-0.0407023 -0.341014 
-0.160721 -0.31489 
-0.325695 -0.161722 
-0.347926 -0.136481 
-0.185075 -0.336273 
-0.237355 -0.314406 
-0.147814 -0.376031 
-0.11835 -0.396871 
-0.104012 -0.411294 
-0.356894 0.24755 
-0.385084 -0.221903 
-0.421106 -0.171118 
-0.357669 -0.296596 
-0.432742 0.195242 
-0.379778 -0.301408 
-0.490726 0.0645235 
-0.502019 -0.0552514 
-0.415473 0.304571 
-0.504104 0.147544 
-0.534662 0.0272004 
-0.407162 0.36296 
-0.272887 0.483916 
-0.316287 0.468967 
-0.210549 0.535879 
-0.395798 0.431942 
-0.288309 0.52158 
-0.321319 0.513871 
-0.18288 0.588396 
-0.259437 0.569998 
-0.448757 0.451194 
0.172541 0.623014 
0.0535037 0.654382 
-0.278894 0.605527 
0.444152 0.510631 
0.0903031 0.680907 
0.45562 0.527425 
0.645984 0.287495 
0.584617 0.415401 
0.727224 0.00840271 
0.336009 0.656367 
0.735656 0.132396 
0.616298 0.440566 
0.628074 0.441419 
0.726366 0.278084 
0.781131 0.102894 
0.788548 -0.122324 
0.757484 0.281448 
0.582663 -0.574392 
0.653484 -0.508931 
0.814699 0.197873 
0.165077 -0.832272 
-0.0934222 -0.853488 
0.128543 -0.859124 
0.583979 -0.656686 
0.780273 -0.42579 
-0.082901 -0.895159 
0.463849 -0.78185 
-0.33955 -0.854178 
0.0257485 -0.928936 
-0.41492 -0.842794 
-0.233395 -0.920363 
-0.48052 -0.830617 
-0.265596 -0.932615 
-0.934678 -0.293908 
-0.506961 -0.85023 
-0.700585 -0.713569 
-0 -0 
-2.37637e-05 -0.010101 
-0.00285905 -0.0199987 
-0.0296508 -0.0062531 
-0.015462 -0.0373284 
-0.0447677 0.0233798 
-0.0501458 -0.0340366 
-0.0557612 -0.0434762 
-0.0577888 0.0564837 
-0.0721631 0.0552897 
-0.058895 0.0820635 
-0.0936309 0.0598243 
-0.118445 -0.0257497 
-0.0385807 0.125518 
-0.135727 0.0397007 
-0.0916938 0.12062 
-0.0741407 0.143607 
-0.137313 0.103112 
-0.0776325 0.164411 
-0.0355057 0.188606 
-0.0707799 0.189215 
-0.177902 0.115526 
-0.0430656 0.218009 
0.0947438 0.212127 
-0.113965 0.213966 
-0.0292111 0.25083 
-0.0412408 0.259368 
0.241242 0.127211 
0.159244 0.233738 
0.157248 0.247145 
0.0239068 0.302086 
0.232032 0.210267 
0.10437 0.305918 
0.235107 0.236296 
0.179523 0.292777 
0.341324 0.0921153 
0.355456 0.0766953 
0.327276 0.180471 
0.381891 0.0386177 
0.289766 0.266878 
0.268962 0.30151 
0.4038 -0.0919708 
0.41672 -0.0795361 
0.376112 -0.217241 
0.0319486 -0.443295 
0.289429 -0.350489 
0.463997 -0.0245621 
0.185741 -0.436904 
0.484158 -0.0258613 
0.41359 -0.27188 
0.322098 -0.38901 
-0.152348 -0.492109 
0.386825 -0.355326 
0.371773 -0.385212 
0.16257 -0.520665 
0.258585 -0.491707 
-0.277088 -0.493142 
0.271146 -0.507914 
0.240553 -0.534195 
-0.0194979 -0.595641 
-0.0626916 -0.602809 
-0.609022 -0.0935262 
-0.536692 -0.322748 
-0.409688 -0.486944 
-0.0927474 -0.639777 
-0.628977 -0.188326 
-0.295126 -0.597783 
-0.19179 -0.649023 
-0.675281 0.125633 
-0.689082 -0.104561 
-0.684672 0.17656 
-0.71619 0.0375063 
-0.663356 0.298135 
-0.717866 -0.168489 
-0.709262 -0.235935 
-0.608644 0.45108 
-0.767672 -0.0028379 
-0.768544 0.119492 
-0.733915 0.28657 
-0.605273 0.520016 
-0.655299 0.47284 
-0.799242 0.175023 
-0.642872 0.522272 
-0.838365 -0.00555246 
-0.044179 0.847334 
-0.750967 0.416194 
-0.569447 0.656009 
-0.0312735 0.878231 
-0.288415 0.840797 
0.710776 0.550437 
-0.358262 0.835521 
0.421108 0.817057 
0.382093 0.847107 
-0.0372497 0.938655 
0.747897 0.584971 
0.588822 0.757702 
0.914996 0.321083 
0.958146 0.204843 
0.838563 -0.526035 
0.969427 -0.24538 
0 0 
0.00914307 0.00429357 
0.0191021 -0.00657494 
0.0296353 -0.00632615 
0.0385544 -0.012085 
0.0378438 0.0334455 
0.0596957 -0.0104652 
0.0704678 0.00581241 
0.0698159 -0.0406901 
0.0822632 -0.0386941 
0.0507113 -0.0873579 
0.0733842 -0.0834292 
0.0456193 -0.1123 
0.103771 -0.0804656 
0.122612 -0.070458 
0.095392 -0.117717 
0.0604713 -0.149877 
0.0144759 -0.171106 
-0.148598 -0.104769 
0.0178391 -0.191088 
0.0876751 -0.182003 
0.009103 -0.211926 
0.000160966 -0.222222 
-0.125921 -0.195238 
0.0802291 -0.228764 
-0.135363 -0.213181 
-0.171858 -0.198588 
-0.205293 -0.179541 
-0.145042 -0.242806 
-0.214011 -0.200017 
-0.09737 -0.286961 
-0.244015 -0.196235 
-0.266583 -0.182791 
-0.333263 -0.00686169 
-0.261409 -0.222738 
-0.330371 0.125866 
-0.247638 0.266283 
-0.243964 -0.283128 
-0.338751 0.180498 
-0.297228 0.258542 
-0.398896 0.0642675 
-0.38447 0.153934 
-0.346745 0.244437 
-0.350296 0.256801 
-0.331783 0.295721 
-0.449742 0.0659067 
0.0417105 0.462771 
0.0730771 0.469089 
-0.308975 0.373648 
-0.392718 0.301243 
0.0895723 0.497044 
-0.13697 0.496609 
0.0995909 0.515725 
0.0327057 0.534354 
0.337681 0.42836 
0.386817 0.398766 
0.0906921 0.558339 
-0.0384593 0.574472 
-0.0384191 0.584598 
0.539512 0.25317 
0.198358 0.572681 
0.431344 0.439998 
0.462868 0.42185 
0.594173 0.227854 
0.230009 0.604162 
0.655945 0.0285461 
0.649852 -0.148786 
0.672799 -0.0731846 
0.686836 -0.00666679 
0.662707 -0.21584 
0.596542 -0.379587 
0.435551 0.569764 
0.0171987 -0.727069 
0.478152 -0.56133 
0.674677 -0.32176 
0.590618 -0.474437 
0.263736 -0.720951 
0.409586 -0.661194 
0.777827 -0.125452 
-0.536718 -0.590513 
0.19898 -0.7832 
-0.331806 -0.747881 
0.274292 -0.781547 
-0.644941 -0.535667 
-0.29388 -0.795966 
-0.496032 -0.700801 
0.0954423 -0.863428 
-0.790659 -0.38357 
-0.727897 -0.510186 
-0.880292 -0.182396 
-0.43786 -0.796696 
-0.575886 -0.716428 
-0.767106 0.524532 
-0.522328 -0.780791 
-0.867686 -0.385567 
-0.911101 0.301196 
-0.96492 -0.0961308 
-0.950698 0.237016 
-0.979387 -0.14388 
-0.942789 0.333391